9.997385674564820413e-01 1.728109919592284660e+00 1.022864748851914252e+00
9.996023089886949542e-01 1.692552470023503064e+00 1.028199713907585133e+00
9.986702280448017666e-01 1.325939777340301884e+00 1.051553618854000227e+00
9.950960895125158245e-01 4.071779905605854566e-01 1.098912954848690893e+00
9.945261631965687243e-01 9.960945156078702123e-01 1.104487849616650808e+00
9.920740931304412591e-01 7.248264252566560817e-01 1.125654262718828846e+00
9.874557099361802592e-01 3.283395876434287430e-01 1.157896234642990185e+00
9.868029354216407700e-01 1.256442143588850868e+00 1.161925805982966020e+00
9.854181159590417183e-01 1.290229095882132304e+00 1.170150335702673683e+00
9.771064144260144246e-01 3.306262783511242365e-01 1.212751157194356333e+00
9.715804047415338429e-01 1.037759587814348627e+00 1.236709774031993225e+00
9.703572785392783340e-01 1.759364343084796944e+00 1.241674889026239903e+00
9.685412028824867958e-01 1.048068722268162833e+00 1.248853246550945206e+00
9.533748241352805186e-01 6.368760954949117536e-01 1.301788741846051867e+00
9.481872937033857252e-01 1.077550592532425799e-01 1.317711907330287646e+00
9.474431328125350049e-01 4.182371344483795106e-01 1.319924225538437801e+00
9.463142344087829283e-01 1.165164866863474646e+00 1.323248155068700971e+00
9.444359048253379019e-01 8.127381119573044987e-01 1.328695636838619132e+00
9.354881142920676851e-01 1.442674346690545839e+00 1.353358158273261447e+00
9.353255560900352039e-01 1.306062829228834765e+00 1.353788219313286856e+00
9.297940252559331320e-01 9.323353356158747829e-01 1.368080250215043536e+00
9.099642689352581693e-01 1.840388108460000893e+00 1.414686663953786949e+00
9.093536385370838415e-01 7.388234955063364140e-01 1.416023989788289139e+00
9.075499384527276892e-01 1.868246813859723021e+00 1.419944173926070974e+00
8.996813383266402120e-01 1.627389067966661829e+00 1.436547236237712966e+00
8.961869923768739365e-01 1.694627769794966099e+00 1.443676542871597857e+00
8.880867740416874545e-01 1.177238686478230267e+00 1.459675844233987219e+00
8.831606985134549115e-01 1.861225376403538245e+00 1.469070549705719930e+00
8.728612815898492139e-01 1.177872823184277884e+00 1.487968424287192892e+00
8.643619397956296968e-01 8.839608299142276415e-01 1.502870198990491124e+00
8.630037310262077543e-01 3.847307386231855197e-01 1.505197545752990473e+00
8.581993361311890389e-01 1.267081093854076634e-01 1.513316568468217493e+00
8.545735137450732877e-01 1.565765802563232389e+00 1.519330443557278087e+00
8.474715029057530158e-01 3.595195823347694386e-01 1.530840891193080644e+00
8.435609972660060851e-01 1.534935082534249817e+00 1.537033373163699590e+00
8.418132716296690132e-01 1.983838055335122919e+00 1.539768853962650397e+00
8.365573190416482063e-01 7.936627005919865141e-01 1.547879413701454876e+00
8.235654105018264115e-01 1.530295704564734738e-01 1.567221310094180087e+00
8.189740476047204787e-01 8.912613289662194571e-01 1.573830558048228134e+00
7.944979546423140970e-01 4.927597927758626817e-01 1.607266827736522519e+00
7.899721471303610132e-01 9.268595209626095954e-01 1.613142729515931961e+00
7.830075736689762200e-01 1.750937404895225313e-01 1.622012169958934713e+00
7.821216214023674063e-01 9.426304144116501860e-01 1.623125805383577314e+00
7.811939826115382735e-01 1.375657123581319530e+00 1.624288364084678138e+00
7.609660220758139859e-01 1.176681252288497070e+00 1.648791733336755660e+00
7.592639347299686703e-01 4.434466731511403914e-01 1.650782818932987617e+00
7.553933284868904474e-01 1.980997543467645228e+00 1.655271637778942040e+00
7.450568624434635856e-01 5.788008241444853041e-01 1.667000953317086198e+00
7.371943375746208282e-01 8.516127883194262171e-01 1.675680774218059277e+00
7.320678033476657465e-01 4.477574429834660918e-01 1.681231775023540376e+00
6.986085841804192675e-01 1.862260538326934389e+00 1.715504050379471845e+00
6.910051715051281906e-01 9.802122024683668222e-02 1.722849813552696840e+00
6.515898041692249620e-01 1.273918449180824419e+00 1.758571504278081399e+00
6.379275544059964664e-01 1.976115099807629116e+00 1.770096380545697956e+00
5.936764834066133867e-01 2.250439230253906686e-01 1.804703816972404340e+00
5.924999842397409289e-01 1.063733162033120294e-03 1.805570461645601199e+00
5.734408629960805470e-01 4.271668531805126179e-01 1.819246957056485092e+00
5.691283175608219391e-01 5.237731123454025806e-02 1.822248720370173825e+00
5.483104175238250333e-01 1.039149839744926140e+00 1.836274886646040994e+00
5.319643644568233798e-01 1.374734483012993724e+00 1.846766741758347541e+00
4.970556213221007380e-01 1.558688401054091344e-01 1.867718680974485235e+00
4.952578378584203134e-01 9.737959458068807805e-01 1.868746035409545092e+00
4.608043790380500493e-01 1.157548537758483764e+00 1.887501731975412600e+00
4.601200268912304381e-01 8.695975303625032016e-01 1.887856723156170702e+00
4.508920246603801973e-01 1.265910853336245756e+00 1.892578501924431889e+00
4.335697271216499282e-01 1.399815288993923268e+00 1.901120020709593295e+00
4.227587571275667755e-01 1.325213718064719437e+00 1.906242259703196051e+00
4.169139783052436266e-01 3.509632745298441048e-01 1.908945947069293325e+00
4.049630986729528259e-01 4.207444850466623976e-01 1.914333029433586741e+00
3.045133121283482014e-01 1.367986063346197101e+00 1.952508080142432823e+00
2.847667257272145092e-01 1.502693964834933782e+00 1.958596845351893156e+00
2.701563185612093632e-01 1.835112191436870877e+00 1.962816474485898244e+00
2.669803169610705518e-01 2.507963636586572065e-01 1.963701982126926149e+00
2.634680245458993486e-01 1.403624182306277834e+00 1.964668129483855941e+00
2.565564889709027740e-01 8.955606178649222482e-01 1.966529238030036542e+00
2.430479876167981057e-01 1.784013776134693474e+00 1.970014265727790592e+00
2.263732557408901780e-01 1.300223823345216800e-01 1.974040630099827887e+00
1.916907370952042056e-01 6.117930365147046246e-01 1.981455379175180553e+00
1.799501104749583191e-01 6.346870794894461376e-01 1.983675738106847053e+00
1.607007853626395422e-01 5.826805730112425419e-01 1.987003169996850005e+00
1.119015178330756005e-01 5.168293899411822157e-01 1.993719301566923452e+00
9.642023800684847157e-02 1.703380805036998069e-01 1.995340714380107627e+00
8.462151868778541863e-02 1.164596616783764249e+00 1.996413166600568889e+00
8.124816020404303230e-02 6.458669273717916326e-01 1.996693903093351041e+00
6.303697060730364954e-02 1.138871110143636178e+00 1.998011192490672272e+00
6.121649263275308339e-02 7.607007786938737581e-01 1.998124511786853130e+00
4.690487558142822366e-02 9.564863831454468723e-01 1.998899360619822652e+00
3.140190284730819126e-02 6.013626617471905522e-01 1.999506838644722784e+00
-1.611135976514768003e-02 3.452428360060475487e-01 1.999870203619708686e+00
-1.799095676354834847e-02 1.826983055047363802e+00 1.999838149639596496e+00
-4.760085650391375489e-02 1.812535139334219503e+00 1.998866436747222863e+00
-4.944314773740044605e-02 1.236087127330136148e+00 1.998776939632577632e+00
-5.678097214661118053e-02 1.856166639758157322e+00 1.998386659166720758e+00
-8.771472599278161419e-02 1.634396297861238745e+00 1.996145635358611337e+00
-9.140640804777545869e-02 3.463580669470731621e-01 1.995813671611212481e+00
-1.550238465763699447e-01 1.852171956089887495e+00 1.987910728250617876e+00
-2.425094239353019210e-01 1.607632265123393189e-01 1.970149050044666117e+00
-2.537588257250681933e-01 1.389980841556744062e+00 1.967267521612627412e+00
-2.621757541936485802e-01 1.434121901427431567e+00 1.965020141713628377e+00
-2.909466428490994350e-01 1.334523301324607836e+00 1.956739280585279683e+00
-2.953937874600456315e-01 1.761860466852487761e+00 1.955375586002703781e+00
-3.085031318034007763e-01 3.571365735259457441e-01 1.951223326915132894e+00
-3.105290355299120120e-01 1.185905609918631143e+00 1.950563894797642028e+00
-3.165321432686990510e-01 1.324401182701196777e+00 1.948581784706898024e+00
-3.290717415558780390e-01 8.002794795473895384e-01 1.944304923692226295e+00
-3.409952878535644771e-01 3.967367934667327400e-01 1.940065005019155464e+00
-3.496978767605111171e-01 1.119190950277895835e+00 1.936862527262773082e+00
-3.737011890679140524e-01 5.419258509263134016e-01 1.927549147640828409e+00
-3.910528774188780088e-01 4.970440494396552999e-01 1.920368212761836002e+00
-3.944102660947013117e-01 3.441431288562362134e-01 1.918934460121671126e+00
-4.331538662087853764e-01 5.008028137255366996e-01 1.901319992116219382e+00
-4.413465929947423261e-01 1.232421424699447154e+00 1.897336717655046856e+00
-4.668917776103000405e-01 4.110179416197567992e-01 1.884314462168234616e+00
-5.003965660882461197e-01 1.921476245848602327e+00 1.865796325152221602e+00
-5.105524914542587389e-01 1.712545849169010204e+00 1.859846587171135379e+00
-6.008695343865173566e-01 1.718362710897955559e+00 1.799347110238180392e+00
-6.054236012343123807e-01 1.883562477312659134e+00 1.795903425717263913e+00
-6.591084981644417251e-01 1.004031677497962294e+00 1.752047862604112494e+00
-6.603322612180972939e-01 5.653786725324947415e-01 1.750973571302342435e+00
-6.707629703976718538e-01 7.036239889603748132e-01 1.741671785592044719e+00
-6.735180677750194356e-01 1.395979044835926386e+00 1.739170759960514401e+00
-6.891259144046798513e-01 1.098913011921909710e+00 1.724641617695198192e+00
-6.975132526885388096e-01 1.324637035279808472e+00 1.716571882175022656e+00
-7.337003471120663312e-01 7.030835271085131843e-01 1.679473178755154006e+00
-7.414306695662613578e-01 3.292919314462232627e-01 1.671029479402004636e+00
-7.657170564687263425e-01 8.282919892904008208e-01 1.643177572240255735e+00
-7.938841578198126969e-01 2.027810633411641916e-02 1.608069028945502854e+00
-8.104947169462700662e-01 8.398571408272326178e-01 1.585745946466713185e+00
-8.132168437213657119e-01 1.574316743026018095e+00 1.581960793428440315e+00
-8.145984969943242948e-01 1.064588766514537488e+00 1.580025248325094722e+00
-8.174245239859367906e-01 1.111833729611885424e+00 1.576035717283541970e+00
-8.186183813509597673e-01 1.705978127275029177e+00 1.574337832389904879e+00
-8.207351993281688518e-01 1.537887049209214041e+00 1.571308789170752007e+00
-8.365869389318054683e-01 1.869222548936245287e+00 1.547834184410494363e+00
-8.426249144068190811e-01 2.101967648418456847e-02 1.538500931866325416e+00
-8.448298262256478397e-01 4.591138027094678886e-01 1.535035106062716093e+00
-8.490689448883422807e-01 7.922079924240996718e-01 1.528282052341547015e+00
-8.495762676212151865e-01 7.099473940927145676e-01 1.527465795568589746e+00
-8.621481859386170843e-01 1.206684801189279010e+00 1.506656200477948904e+00
-8.700920200892009460e-01 1.226637984289738359e+00 1.492889314732114503e+00
-8.836893583307527944e-01 1.472001018916834880e+00 1.468073838163363343e+00
-8.958187516740341305e-01 1.475265080143078666e+00 1.444419581194590352e+00
-8.974240983997497922e-01 1.130170893339683680e-01 1.441168887855202474e+00
-8.984141560521563541e-01 6.546441091176320448e-01 1.439149182175136987e+00
-9.075244195692067084e-01 4.769990418397880294e-01 1.419999318910845965e+00
-9.113991175814039059e-01 8.761609815336215412e-01 1.411523569764646879e+00
-9.174679845294400060e-01 2.282131770954660688e-01 1.397809624523448591e+00
-9.333477499217852635e-01 1.848913664373190713e-01 1.358973505590510999e+00
-9.412096157759977100e-01 1.381344651209006402e+00 1.337823118171031389e+00
-9.412126174396774347e-01 2.934927381133616286e-01 1.337814755113436949e+00
-9.525941981277539217e-01 1.471229048033954490e+00 1.304243806335217748e+00
-9.565049335293911437e-01 1.459519707448868164e+00 1.291716149936774860e+00
-9.604441601943252138e-01 1.839761794979878795e+00 1.278472647038479071e+00
-9.677836379505172504e-01 8.061817528724242177e-01 1.251783299913362235e+00
-9.723122231544520933e-01 1.740806750786228374e+00 1.233685559469229531e+00
-9.773650171374981266e-01 1.983497937812242817e+00 1.211559975599870942e+00
-9.874682022568629369e-01 1.971182431709215255e+00 1.157818090001112799e+00
-9.885136873207903685e-01 1.178541119632117828e+00 1.151131366630010922e+00
-9.890025368092144609e-01 1.916058942492773642e+00 1.147898553694545409e+00
-9.891480904342285774e-01 1.707041553178199056e-01 1.146921935701647799e+00
-9.916855402366046013e-01 7.110758669630421469e-01 1.128684844817226196e+00
-9.945748257969215800e-01 1.341114496657653365e+00 1.104023631406633177e+00
-9.969078862660610829e-01 1.687814583477325270e+00 1.078579044919966812e+00
-9.982595894834052075e-01 6.297258020414007174e-01 1.058972807330355481e+00
-9.984102120637894373e-01 1.712626657747396308e+00 1.056365312442485882e+00
-9.984605819696236173e-01 3.584513693856292704e-01 1.055465901713398935e+00
-9.986421144093416968e-01 1.617718373250621511e+00 1.052095367625531352e+00
-9.998991186008460152e-01 1.107049357308128590e+00 1.014203964983460882e+00
-9.995499191980727893e-01 4.542015373207219930e-02 9.700006828223336486e-01
-9.984609627352006855e-01 5.624106000097781610e-01 9.445409530022729205e-01
-9.975046858337679456e-01 1.885795562189558794e+00 9.293997043938482250e-01
-9.941859592280996027e-01 1.697588675002180691e+00 8.923232686523989710e-01
-9.935347148085659219e-01 8.664115489118950908e-01 8.864712790952812282e-01
-9.934865123607025117e-01 1.967514468033634722e+00 8.860502314290739090e-01
-9.932390655319270900e-01 2.525033298709229435e-01 8.839131415651877433e-01
-9.919808666785802087e-01 1.766898550881433883e+00 8.736118670775899764e-01
-9.911524731160381574e-01 2.503941539643999015e-01 8.672718001479668981e-01
-9.884401199224143175e-01 1.786838257805124730e+00 8.483882282678444353e-01
-9.871324796870379892e-01 5.763977479649915470e-01 8.400954423822775130e-01
-9.855094833421146339e-01 6.047587757926173868e-01 8.303796644185663656e-01
-9.846804019236174987e-01 1.761997026557614587e+00 8.256311207022790644e-01
-9.843281248363455749e-01 2.752252922782600919e-01 8.236533452084678908e-01
-9.825848936167967951e-01 1.995906235181362565e+00 8.141857733216637527e-01
-9.758913525226055041e-01 4.499086836695476155e-01 7.817431144921200836e-01
-9.713859888858656921e-01 1.896340172859279027e+00 7.624936619872453303e-01
-9.667872911342055842e-01 1.252993873040648243e+00 7.444176576885936925e-01
-9.645277585428699840e-01 3.824199505661529663e-02 7.360185555758376186e-01
-9.644412149671386381e-01 8.891680845032587932e-01 7.357025484937295134e-01
-9.598280807150897376e-01 1.036918548054847733e+00 7.194112342398806259e-01
-9.489226045750625005e-01 1.250761516642253213e+00 6.844910610989294319e-01
-9.471766093138848097e-01 6.046106668438373521e-01 6.792875575088295204e-01
-9.468632118717131840e-01 9.368485812142652858e-01 6.783634691083997303e-01
-9.376208833480490501e-01 1.205508140803497996e+00 6.523405702276663387e-01
-9.365693111749884281e-01 1.587262093326989643e+00 6.495175819456735500e-01
-9.318523121078459148e-01 1.565290174052431649e-01 6.371622009502571071e-01
-9.295779414730565016e-01 1.714876419398199570e+00 6.313743759222444352e-01
-9.278120475394980859e-01 7.688795072630389971e-01 6.269520078588224354e-01
-9.254089426383367289e-01 7.629494743629536835e-01 6.210299630775597546e-01
-9.116578838257204387e-01 1.840417594424444747e+00 5.890499995639260078e-01
-9.013155206797061059e-01 1.333849042446469513e+00 5.668368296105146253e-01
-8.934365386056890568e-01 7.879614689816620832e-01 5.508105616955301098e-01
-8.788627555763945942e-01 1.966538329108969085e+00 5.229253131210308547e-01
-8.767227322462181061e-01 5.518750372666536563e-01 5.190038973518328325e-01
-8.646104275340369405e-01 3.449401844175803422e-01 4.975571588733602724e-01
-8.634272774538654938e-01 1.199952052668669555e+00 4.955266740960375671e-01
-8.507866984382400632e-01 8.212328312584828982e-01 4.744888262267308310e-01
-8.464045697345217167e-01 8.630793416054738376e-01 4.674595749311426518e-01
-8.244423311341934069e-01 1.687091194296503005e+00 4.340540285203746684e-01
-8.236320943176026477e-01 7.010961534345423463e-01 4.328755222969126182e-01
-8.202324784636083610e-01 1.177782138926380728e+00 4.279696850048537726e-01
-7.555946751158282293e-01 2.422395190588975122e-01 3.449605455114890251e-01
-7.383024571176359796e-01 1.448123782826088668e+00 3.255302217192669323e-01
-7.194141772102293775e-01 1.746011573877476186e+00 3.054186572985646553e-01
-7.094369067452718225e-01 9.455247181883019714e-02 2.952310482521945945e-01
-6.971037318057515808e-01 1.233427644390741484e+00 2.830297167228653654e-01
-6.858783892017307204e-01 3.816222031793512492e-01 2.722838223414026926e-01
-6.759603695906718501e-01 1.060731862928144364e+00 2.630620251725099834e-01
-6.516904248337357375e-01 5.287890393622611818e-01 2.415149374048127795e-01
-6.379216160602828589e-01 9.683216003727901366e-01 2.298987003237580318e-01
-6.358917004988061672e-01 9.444067939742453177e-01 2.282216994261002663e-01
-6.335528990233105784e-01 1.554997187730188246e+00 2.263006241832949961e-01
-6.146132117085522095e-01 1.569151474928193624e+00 2.111713747629980764e-01
-6.071071056631019980e-01 6.708001058781518644e-01 2.053799887660950896e-01
-5.763705259056935981e-01 8.386440401909358577e-01 1.828115169269733942e-01
-5.565470608181402046e-01 1.007679144197191290e+00 1.691839137963869755e-01
-5.531652984693729014e-01 2.101900111500221158e-02 1.669284829204099596e-01
-4.874953516610202042e-01 8.531124210748421977e-01 1.268744179049051679e-01
-4.185217216478093194e-01 1.295219702690766139e+00 9.179321269385265492e-02
-4.174763843651991269e-01 1.317301376829674187e+00 9.131222716636022696e-02
-4.050849743141376469e-01 1.219196779011741283e+00 8.572095967100146208e-02
-3.902252004660367590e-01 6.951088698434926272e-01 7.928055688975410575e-02
-3.454744295764507478e-01 6.030983360248691749e-01 6.157183625552564710e-02
-3.347208518554827816e-01 1.785174178362652464e+00 5.768266951459499747e-02
-3.095992742611621273e-01 1.133853093783154131e+00 4.913287501514607136e-02
-2.697744514028438956e-01 8.990164707967969182e-01 3.707645922934532656e-02
-2.629945818293943915e-01 1.672873447612993170e+00 3.520268971748163889e-02
-2.463730186657593912e-01 1.316032298903935027e+00 3.082492001005232574e-02
-2.416199351470835754e-01 1.657829571485965880e+00 2.962903643012937405e-02
-2.132808204705018973e-01 4.391908689431867074e-02 2.300906267282620821e-02
-1.886570436431366515e-01 1.735585548070442963e+00 1.795696637884980351e-02
-1.451372134190409557e-01 1.268534142910196838e+00 1.058846313530603656e-02
-1.426907202092791427e-01 1.361188363543093915e+00 1.023267463198340721e-02
-1.356508572609529395e-01 1.505045640398402274e+00 9.243296805735212729e-03
-1.330657087621452128e-01 2.365821934431131535e-01 8.892782211920358115e-03
-1.106076599569273261e-01 1.897889402918165436e+00 6.135851557742988405e-03
-8.302352334025840663e-02 5.965284316891055205e-01 3.452412289222550612e-03
-7.682732263240385495e-02 7.786948040747967426e-01 2.955586497202955520e-03
-5.961755184401001245e-02 6.288541608175268749e-01 1.778708145269591867e-03
-5.475109937369289359e-02 1.681972336651820221e-01 1.499966390900886459e-03
-4.657432903742727420e-02 2.221148275494211344e-01 1.085172862714256503e-03
3.193383774643116652e-02 2.015191606775492694e-01 -5.100150542854953173e-04
3.682686188211028999e-02 9.183023011903301835e-02 -6.783389499075420659e-04
4.164724104540194066e-02 1.347349444252645023e+00 -8.676227279459380881e-04
4.530371251182763875e-02 9.509435269511465894e-01 -1.026740281479976424e-03
5.101572893464375452e-02 3.245633167099268857e-01 -1.302150096803789125e-03
5.865934943002102525e-02 2.164731062708438181e-01 -1.721942180212598927e-03
6.763929850403126165e-02 4.892284778446540638e-01 -2.290159766937804875e-03
8.163306710139119071e-02 1.878718037705504385e+00 -3.337548436974646648e-03
1.546489768293342615e-01 1.235225998558010296e+00 -1.203051971954116617e-02
1.680857920776611114e-01 7.454806920850536311e-01 -1.422762946934585937e-02
1.768036570904944760e-01 5.092384901087101401e-01 -1.575385861085187855e-02
1.788517517079514230e-01 7.692830478146790441e-01 -1.612396567911189571e-02
1.814822380772192767e-01 7.657849355225490040e-01 -1.660577728843481982e-02
2.305256152429355776e-01 9.565424913209821245e-01 -2.693374289472660887e-02
2.357221772808001659e-01 1.701623646082807362e+00 -2.817951496276893675e-02
2.768795862232109606e-01 1.236401420074922930e+00 -3.909537688027353575e-02
3.071146168662307052e-01 1.771738288415501739e+00 -4.832746592795467144e-02
3.152067416512103759e-01 3.915605111032984809e-01 -5.097697076539442484e-02
3.664818650674779299e-01 7.972407801449521436e-02 -6.957480549124051006e-02
3.771852625489705568e-01 1.015763249492758424e+00 -7.386217131797057078e-02
3.801311063720840266e-01 7.988271740180219460e-01 -7.506738517428457325e-02
3.920697641940115719e-01 1.336881773733104906e+00 -8.006451312885409788e-02
4.200823216190333609e-01 7.500920962870916142e-03 -9.251399842027152598e-02
4.224434559182918547e-01 5.176403030591103516e-01 -9.361072019147853585e-02
4.423502937780736666e-01 5.279153909933751443e-01 -1.031576406109867561e-01
4.429023208787826738e-01 2.037470045252722795e-01 -1.034301286792044250e-01
4.642819049167123957e-01 1.883109493326790007e+00 -1.143125196961917167e-01
4.940438139918696403e-01 8.467379724706747268e-01 -1.305629925886712117e-01
5.299172433812751049e-01 1.491422798525598559e+00 -1.519506410784863260e-01
5.316133363361458253e-01 2.029406623906118146e-01 -1.530128332556909276e-01
5.434851227160876208e-01 1.112280881815059796e+00 -1.605812002425254237e-01
5.450688263192905447e-01 9.605350878022989036e-01 -1.616086984140930882e-01
5.588381672418164525e-01 6.530831923981426090e-01 -1.707232652281823748e-01
5.669010338333224652e-01 1.858180438748639585e+00 -1.762140946588670598e-01
5.728058568881215784e-01 8.000208163543198747e-01 -1.803089299530798995e-01
6.414492526610111600e-01 1.771877587607140647e+00 -2.328345313684730966e-01
6.699221841823185253e-01 1.728498083601660129e+00 -2.575686785025892434e-01
6.808830129706434642e-01 1.595740483242168217e+00 -2.676078081737773839e-01
7.126317949591581824e-01 8.681301659010309812e-01 -2.984617438704513237e-01
7.184866733665000726e-01 3.982146330555622615e-01 -3.044592749559948963e-01
7.230989146727779815e-01 6.503099453779803696e-01 -3.092555033885173721e-01
7.373682199967042106e-01 1.787936867291098908e+00 -3.245089873737090347e-01
7.406716009059447492e-01 1.857968198519990288e-01 -3.281327663805706507e-01
7.545535695664661313e-01 2.200140785318023262e-01 -3.437615443647757951e-01
7.807293247097762956e-01 2.576159900073320408e-01 -3.751306364221264067e-01
7.835853789600676356e-01 1.911650174146038994e+00 -3.787158831259187508e-01
7.949669540106156784e-01 1.516278927717518377e+00 -3.933472640537392095e-01
8.023476817313328624e-01 9.529012905165685776e-01 -4.031430677119047790e-01
8.030865753640195059e-01 3.538268634870271878e-01 -4.041376396598865828e-01
8.149206841026427339e-01 2.171457646109535844e-01 -4.204275035669128302e-01
8.377717142642077119e-01 1.839065620530702327e+00 -4.539793458313039487e-01
8.399759366961756513e-01 1.485627411268437781e+00 -4.573763497861688121e-01
8.851220711587070022e-01 1.154093227615599959e+00 -5.346410856685768209e-01
8.919612732667828725e-01 2.517415981213049214e-01 -5.478881919344513740e-01
8.976216841821138548e-01 1.799648851138442751e+00 -5.592332679454294908e-01
8.983744000770466087e-01 1.802167429885356054e+00 -5.607694941306937686e-01
9.021168475397629560e-01 8.625239084513440790e-01 -5.685081769199791246e-01
9.071412104105127661e-01 9.540565224975394720e-02 -5.791736410644529043e-01
9.233701732031895926e-01 3.804213121703314826e-02 -6.160891728034858517e-01
9.346328939894886778e-01 1.541606153523142675e+00 -6.443859487128872354e-01
9.391051073548271066e-01 7.697887745559315320e-01 -6.563699702585952256e-01
9.504092193708953973e-01 9.890396751067047632e-01 -6.889978846779251098e-01
9.581334582512807119e-01 2.252935267149680509e-01 -7.136780200902466120e-01
9.636775409025353234e-01 1.359509499658403842e+00 -7.329314747858849399e-01
9.743435992392415201e-01 5.183792996012082099e-01 -7.749343415322534900e-01
9.748810706030055506e-01 5.411229565307784650e-01 -7.772739391540860465e-01
9.777666073327526686e-01 7.727013727351841332e-01 -7.903038827612715034e-01
9.805333657861655672e-01 5.237207577144391557e-01 -8.036474635252863763e-01
9.842259002285895786e-01 1.213969477194617230e+00 -8.230836996791351945e-01
9.847323699180414724e-01 2.260560153905284420e-01 -8.259248448640714724e-01
9.851118379310402906e-01 1.424860310408580633e+00 -8.280852921704262570e-01
9.876457393053893474e-01 8.510585854919252569e-01 -8.432967976335173921e-01
9.924076856513122102e-01 2.716212006692841907e-01 -8.770081894587843374e-01
9.933659918896494689e-01 2.284603696182256893e-01 -8.850043211373013197e-01
9.934485616887422932e-01 1.044046402208745672e+00 -8.857198386483057240e-01
9.935269743819556965e-01 8.208042190318969311e-01 -8.864035600230504297e-01
9.946133118538283968e-01 3.515012014215863623e-01 -8.963449958605026469e-01
9.960389178906562391e-01 1.760431821516450945e+00 -9.110816439242689357e-01
9.970135784144747992e-01 2.984363960447309339e-01 -9.227735507927249392e-01
9.985979047583356527e-01 3.670725569925146203e-01 -9.470639573422611202e-01
9.991790389820218721e-01 4.064403399950033968e-01 -9.594876801582136183e-01
9.999802889044363541e-01 1.988863510696062376e+00 -9.937213215881044448e-01
9.999904158517517461e-01 1.150399456307890089e+00 -9.956218491756583244e-01
9.999868518295048636e-01 4.426712955560296869e-02 -1.005127978950404843e+00
9.980367260256242101e-01 1.149521443664873077e+00 -1.062631409883963540e+00
9.964810513103891099e-01 1.434129387595855620e+00 -1.083818341544924735e+00
9.923889146341305922e-01 8.286032924274207012e-01 -1.123143177282756255e+00
9.871691584384353346e-01 1.953453715287230219e+00 -1.159677965380171871e+00
9.806614784638971738e-01 1.900085464433213023e+00 -1.195711687584066985e+00
9.753812271602634310e-01 1.914356783628187619e+00 -1.220525421898107865e+00
9.685622274526457520e-01 1.501802951469795033e+00 -1.248771404208701696e+00
9.664496653544019100e-01 1.583139320133336803e+00 -1.256856077086691670e+00
9.630887367331996129e-01 8.391161465958481003e-01 -1.269184110187896675e+00
9.596755214473927653e-01 1.720649308049383874e+00 -1.281110109271571318e+00
9.565569885094299396e-01 6.437403640207195465e-02 -1.291545412815517047e+00
9.389612074684109411e-01 5.102341189200079175e-01 -1.344023038282996074e+00
9.255950459914082940e-01 4.094689575262595582e-01 -1.378515271602299697e+00
9.179014417056619024e-01 4.169054316899938328e-01 -1.396808446627169742e+00
9.172332906262455898e-01 1.813091759631990652e-01 -1.398350461989124938e+00
9.153674810045600019e-01 8.080205055702502914e-01 -1.402619391881919197e+00
9.146693408342181364e-01 8.330872502727257878e-01 -1.404202915548486530e+00
9.060976239692218881e-01 1.703959731903292418e+00 -1.423068665629269480e+00
9.041936683126761132e-01 5.427697887342852745e-01 -1.427122710919551007e+00
9.011827281952898838e-01 1.618333001625287260e+00 -1.433439373387437321e+00
8.718546159719657851e-01 1.006627886933958216e+00 -1.489764768647537707e+00
8.390171455202606321e-01 1.629917825214137084e+00 -1.544104980240976754e+00
8.363636016816600183e-01 1.807244510599894216e+00 -1.548175086794430610e+00
8.310829223893089202e-01 2.672148662366045091e-01 -1.556148519833367772e+00
8.305662695301045950e-01 4.329962564536105063e-03 -1.556919807439855363e+00
8.289499582802549726e-01 7.749531986081870105e-01 -1.559322775029913677e+00
8.240989288035589500e-01 5.712704544501130410e-01 -1.566445898162240002e+00
8.229130546846490368e-01 1.563481219296145586e+00 -1.568167320803986353e+00
8.197338310751814960e-01 8.996931313176406153e-01 -1.572744660551982587e+00
8.174058243742077234e-01 3.650515651752490598e-01 -1.576062252086631421e+00
8.102157646218320908e-01 1.766047445412717742e+00 -1.586131738398681268e+00
8.071184313712465030e-01 1.070853123632081072e+00 -1.590389564390173316e+00
7.669369338120884949e-01 1.473413506756587665e+00 -1.641722478611207903e+00
7.488894266081922435e-01 1.620846282456293697e+00 -1.662694972603876886e+00
7.462388319870482123e-01 6.085194042750181609e-01 -1.665678304915073848e+00
7.441597664214085750e-01 5.130081979091045685e-01 -1.668001678171271207e+00
7.342803578655408003e-01 6.289944360492718545e-01 -1.678846342004472580e+00
7.314314456937712761e-01 1.548428703742745105e+00 -1.681914980221375977e+00
7.214503250229635789e-01 6.967044777824518142e-01 -1.692466193055126800e+00
6.907417417030869977e-01 2.354799724625979973e-01 -1.723101546305210174e+00
6.803283566654814152e-01 2.871064550829021123e-01 -1.732907447851940841e+00
6.755285194189930564e-01 8.317081286943255325e-01 -1.737333858880482307e+00
6.749382379881464500e-01 8.933281349499653246e-01 -1.737874227020741014e+00
6.549454504272413935e-01 2.528876020119628087e-01 -1.755676158790693719e+00
6.511102140522415649e-01 8.510596076302789914e-01 -1.758983194251917626e+00
6.241830345126274660e-01 1.726633280951985316e+00 -1.781278144726068824e+00
6.143924929540770519e-01 2.876466722493575823e-02 -1.789000547909616046e+00
5.964997196975457827e-01 7.628385754792421647e-01 -1.802613284465656829e+00
5.856003351951779567e-01 1.628654693867166436e+00 -1.810599930557173831e+00
5.832348392069272025e-01 7.566385802039150565e-01 -1.812303590005159171e+00
5.797167653243203711e-01 1.577216904934967356e+00 -1.814818060674839639e+00
5.742226167243230650e-01 3.472769444459911092e-01 -1.818699203885206561e+00
5.473082092944892008e-01 1.459900330418951286e+00 -1.836931134585671588e+00
5.187728682465487795e-01 1.968488571805826481e+00 -1.854912107278431810e+00
4.989369229535296490e-01 2.748567313034129267e-01 -1.866638302242442649e+00
4.874642515244335117e-01 6.635668115937209954e-02 -1.873142945619858946e+00
4.872665885415365383e-01 1.308310058421400246e+00 -1.873253268926657444e+00
4.813984466879588919e-01 6.032497369960130307e-01 -1.876501874228698075e+00
4.813979671002720506e-01 1.177825715987943722e+00 -1.876502137631007372e+00
4.740162934271689998e-01 1.460564333275014226e+00 -1.880516072292589103e+00
4.649383539655246311e-01 1.850624037916423603e+00 -1.885343056115440952e+00
4.626456914424657563e-01 8.124598036047696592e-01 -1.886543266958653708e+00
4.302439682745747285e-01 9.285720251535265479e-01 -1.902712649608582218e+00
4.118066357671212319e-01 5.350426002604498077e-01 -1.911271252009063115e+00
3.711744171701933936e-01 6.282502676405825603e-01 -1.928563165346530051e+00
3.624906114583938410e-01 1.206832094645534426e+00 -1.931987422986233049e+00
3.502531703330112878e-01 1.000230805042650939e+00 -1.936655068139640612e+00
3.499472589155702140e-01 1.687741036706051245e+00 -1.936769403843592086e+00
3.393471419858028471e-01 9.425987542440268374e-01 -1.940661212778579170e+00
3.061941923217614270e-01 6.908875597143726566e-01 -1.951969073336116356e+00
3.024183713299718468e-01 1.594207890269794259e+00 -1.953175287490253265e+00
2.974420327305775658e-01 2.875508161703623777e-01 -1.954739879320593676e+00
2.482668435091772985e-01 1.637345747152102016e+00 -1.968691681813150351e+00
2.380016376703244785e-01 1.995433647846175829e+00 -1.971264753023728167e+00
2.376792492186211581e-01 1.391340437607031300e+00 -1.971343695347260949e+00
2.349217466501480334e-01 1.046015855854419474e+00 -1.972014286392357318e+00
2.176998397712767430e-01 1.995335532640401865e+00 -1.976015768194121058e+00
1.983371212903721481e-01 8.913700739931817996e-01 -1.980133861428248210e+00
1.852187153962539246e-01 1.584223176009408540e+00 -1.982697322407546592e+00
1.731338947825286911e-01 1.702981710193736564e+00 -1.984898296514636229e+00
1.625726433290813344e-01 9.846401798302848452e-01 -1.986696577292632160e+00
1.588541226890035907e-01 3.690759659870008758e-01 -1.987302065076695268e+00
1.277882369235980586e-01 1.302350770716538930e+00 -1.991801475348750738e+00
1.245171110783561547e-01 1.176830775573166621e+00 -1.992217460564316145e+00
6.900505604793348569e-02 1.111694594405632230e-01 -1.997616310131215656e+00
4.848228934014207209e-02 4.457252091867460742e-01 -1.998824042371997844e+00
4.287547888480069957e-02 9.205293047466622802e-02 -1.999080423845047250e+00
3.140251206920835481e-02 1.255441692015796029e+00 -1.999506819504370814e+00
-4.423892157068167602e-02 3.843270036575026083e-01 -1.999020979668727049e+00
-6.969760382252125630e-02 1.687416360879978150e+00 -1.997568165100209514e+00
-7.920373771142222297e-02 1.308739464387280726e-01 -1.996858449295856763e+00
-8.076247116809524840e-02 8.169821536264807449e-01 -1.996733376209918198e+00
-8.530929510912478586e-02 6.300402372996831701e-01 -1.996354517311977883e+00
-8.945877205988943259e-02 1.448571291521315141e+00 -1.995990526110332564e+00
-9.922761940912500078e-02 1.391913056354343148e+00 -1.995064761483591909e+00
-1.307109914605910639e-01 1.996477907837221455e+00 -1.991420514570577893e+00
-1.310452595935883424e-01 6.311439061979309262e-01 -1.991376386615118621e+00
-1.396458309054620928e-01 1.871963690283011905e+00 -1.990201515809142396e+00
-1.432739429194911929e-01 1.738960594055648734e+00 -1.989683069108642677e+00
-2.209428721078467994e-01 1.914847779756261970e+00 -1.975286751301757349e+00
-2.598976129224536136e-01 1.920589900826883412e-01 -1.965636179312483467e+00
-3.276895519879897134e-01 1.401432921531893028e+00 -1.944785455814128650e+00
-3.536683643755868522e-01 1.896806083097787976e+00 -1.935370882612825971e+00
-3.627189376122664788e-01 1.876608498617468257e+00 -1.931898584770590066e+00
-3.722289522698101760e-01 1.091135696955647161e+00 -1.928140941394204111e+00
-3.824568686561124475e-01 3.759993147975631000e-01 -1.923973345729064421e+00
-4.185767848998765972e-01 6.501389646300899106e-01 -1.908181410921233390e+00
-4.190325425628483869e-01 1.441846971093100782e+00 -1.907971215553287525e+00
-4.466005920142055441e-01 1.951754894847931965e+00 -1.894733430253146000e+00
-4.659874235317628677e-01 1.909021761882626622e+00 -1.884791343261353003e+00
-4.696112300352255353e-01 7.950953546783683379e-01 -1.882873316294474186e+00
-4.736222608209165186e-01 1.332831070957964270e+00 -1.880728081790789652e+00
-4.750816695158467939e-01 7.834494968206968668e-01 -1.879941706756780295e+00
-4.859839972326815416e-01 1.220418719469922086e+00 -1.873967707889567791e+00
-5.359343853045559491e-01 1.147154928141410402e+00 -1.844259636988662354e+00
-5.528516545575697938e-01 5.366008016481880194e-01 -1.833279693772119634e+00
-5.661359614322385436e-01 8.774674619969855538e-01 -1.824311878583097180e+00
-5.662343670159875053e-01 1.549853073143646620e+00 -1.824244285154591694e+00
-5.788228812746233354e-01 7.921114870304477584e-01 -1.815453292416520537e+00
-5.814868829534698413e-01 1.062472601538953176e+00 -1.813555778636632532e+00
-6.125398841729444710e-01 1.700477699138328802e+00 -1.790439681631303070e+00
-6.236241044872075090e-01 1.037275911468926060e+00 -1.781724360821977049e+00
-6.846767710430508025e-01 7.125183048785634909e-01 -1.728846842069074130e+00
-6.880061726943687006e-01 9.993504265837427347e-02 -1.725704834167753443e+00
-6.971900233520551549e-01 4.618768424847525811e-01 -1.716886372682840722e+00
-7.181761870824648897e-01 1.602931255539666644e+00 -1.695861311115722359e+00
-7.285123396758357295e-01 8.452168975054270561e-01 -1.685032678738788148e+00
-7.356910886543586159e-01 1.857908751508127176e+00 -1.677317224108884286e+00
-7.456662948302757998e-01 3.974213382386921900e-01 -1.666319575544714215e+00
-7.586777467788710094e-01 1.118969299686897845e+00 -1.651466097769128005e+00
-7.767797555072589732e-01 9.835479145814853830e-01 -1.629772348896077805e+00
-7.864125295261018556e-01 5.998045245652763313e-01 -1.617701654040490489e+00
-7.942088801203985859e-01 1.341318052535649619e+00 -1.607644842599607937e+00
-8.052786457180080015e-01 5.528532375443120372e-01 -1.592896536294968524e+00
-8.137046242543902741e-01 1.688801633488205001e+00 -1.581278577333640856e+00
-8.158259958315965399e-01 1.737558364861198079e-01 -1.578297453327769606e+00
-8.161662310313102520e-01 1.522869145813361635e+00 -1.577817171191844947e+00
-8.263783903343642212e-01 4.556641111220518514e-01 -1.563115224433139439e+00
-8.303941389937700146e-01 1.686822908285292799e+00 -1.557176429800108508e+00
-8.373182680027375646e-01 7.416170511495301376e-02 -1.546715756192279301e+00
-8.469353561440028377e-01 3.706050046279381061e-01 -1.531695874079563424e+00
-8.690805868190470962e-01 3.883215751134172500e-01 -1.494670530367699035e+00
-8.726235915490405670e-01 1.439298660463610435e+00 -1.488393353222638771e+00
-8.788138787507397964e-01 8.289877823406981427e-01 -1.477164716335019889e+00
-8.871766332607569083e-01 1.111704756154124230e+00 -1.461429974531464948e+00
-8.897975234420879564e-01 1.485085161223713923e+00 -1.456355527277063855e+00
-9.007702401745835141e-01 1.955114484662885399e-01 -1.434295952566706722e+00
-9.155104362663669670e-01 1.371029425768699239e+00 -1.402294222040742611e+00
-9.314660921610162791e-01 8.723918358110203108e-01 -1.363828145082654375e+00
-9.352845675609855469e-01 1.678961347307284413e+00 -1.353896563535534003e+00
-9.478737174144129529e-01 6.886097681199025988e-01 -1.318646223632073955e+00
-9.479436123569646711e-01 1.525047721085690533e+00 -1.318438232302009627e+00
-9.495619350169816064e-01 1.731680910122381567e+00 -1.313579545836149221e+00
-9.566318064774494978e-01 1.181963047649981835e+00 -1.291299822924236729e+00
-9.598329505653105942e-01 1.148749313104322711e+00 -1.280572106612703154e+00
-9.619103852168665592e-01 1.220487705358964892e+00 -1.273364977295811329e+00
-9.641365082515566121e-01 1.394877412346319012e+00 -1.265406845157573290e+00
-9.682089343966313599e-01 1.619432283640344528e+00 -1.250142877880901393e+00
-9.725658511836604569e-01 5.528077861396809567e-01 -1.232627739342070150e+00
-9.764794306694283277e-01 1.768641785151433110e+00 -1.215610578310780232e+00
-9.803613533847241879e-01 7.617280154589045615e-01 -1.197209575806226889e+00
-9.819111051801862056e-01 1.588975060600468892e+00 -1.189342497933837395e+00
-9.865489348752211063e-01 1.744175027478788831e+00 -1.163466201694927316e+00
-9.989933991993849016e-01 1.089119170286267257e+00 -1.044857422530260482e+00
-9.991004351905861114e-01 6.941033704234471635e-01 -1.042406607999006862e+00
-9.996970725755641718e-01 3.057272712906340395e-01 -1.024612254749357243e+00
