-4.689522238794570974e+00
-4.684185527624753931e+00
-4.660812497849987857e+00
-4.613314020950143757e+00
-4.607710062539747575e+00
-4.586401686936682154e+00
-4.553829182918753382e+00
-4.549747077715508681e+00
-4.541406752944773473e+00
-4.497999262697481626e+00
-4.473411002018894855e+00
-4.468297445371003818e+00
-4.460892906354628096e+00
-4.405820661116826464e+00
-4.389073594926771626e+00
-4.386739472016748742e+00
-4.383229068652076954e+00
-4.377466840651644375e+00
-4.351230560377169709e+00
-4.350770802102726265e+00
-4.335445510020347726e+00
-4.284790543285213360e+00
-4.283320403747593375e+00
-4.279005174140239731e+00
-4.260631659425039075e+00
-4.252692024808577997e+00
-4.234758820969354964e+00
-4.224150910420397587e+00
-4.202628235542992030e+00
-4.185472801467546411e+00
-4.182778125530054680e+00
-4.173344070184668908e+00
-4.166321714154546996e+00
-4.152796487672517856e+00
-4.145472613897151604e+00
-4.142226476291562598e+00
-4.132561749500110793e+00
-4.109261036915938803e+00
-4.101213483170105256e+00
-4.059773055978493694e+00
-4.052356223263268831e+00
-4.041079095746663796e+00
-4.039656037202724370e+00
-4.038168738689472015e+00
-4.006393426855499484e+00
-4.003773975174748756e+00
-3.997846818169010330e+00
-3.982212741546931944e+00
-3.970501202112624473e+00
-3.962945063232378828e+00
-3.915043634054727217e+00
-3.904471351330200957e+00
-3.851270995627246396e+00
-3.833396758649038283e+00
-3.777212577337735855e+00
-3.775751336885529774e+00
-3.752292396869238988e+00
-3.747037999221313864e+00
-3.721935182794631203e+00
-3.702511374301610036e+00
-3.661794877328893971e+00
-3.659724253256447124e+00
-3.620493979886728386e+00
-3.619723034604162226e+00
-3.609357120169351507e+00
-3.590043106317950539e+00
-3.578079991699917972e+00
-3.571640154110420351e+00
-3.558531125110906412e+00
-3.451020087045808538e+00
-3.430355723245434252e+00
-3.415148036871587411e+00
-3.411850898749694938e+00
-3.408208145203460049e+00
-3.401050403397412047e+00
-3.387099482870616463e+00
-3.369945314014770599e+00
-3.334477194870441696e+00
-3.322528387151059359e+00
-3.302993278851154013e+00
-3.253729034800585840e+00
-3.238162921055421251e+00
-3.226315492089250725e+00
-3.222930470467546993e+00
-3.204671446936776302e+00
-3.202847445225946110e+00
-3.188514745201978862e+00
-3.172999719523931894e+00
-3.125480596723059890e+00
-3.123600726149124096e+00
-3.093973802732608913e+00
-3.092129338667628069e+00
-3.084781126036786336e+00
-3.053765058716567893e+00
-3.050058479153933355e+00
-2.985941061899371363e+00
-2.896640997848522137e+00
-2.885028342588554118e+00
-2.876316518366853536e+00
-2.846376517453751198e+00
-2.841724980383301347e+00
-2.827973647920661193e+00
-2.825843122552670561e+00
-2.819521240234625914e+00
-2.806272254120304233e+00
-2.793617215440346246e+00
-2.784344053429809840e+00
-2.758596535793527593e+00
-2.739817364401447186e+00
-2.736166649381610139e+00
-2.693603643020627381e+00
-2.684493877846065857e+00
-2.655819988560517153e+00
-2.617535902352675858e+00
-2.605765439251833460e+00
-2.497004183215928652e+00
-2.491294666906354927e+00
-2.421959941742632960e+00
-2.420331538107624247e+00
-2.406355627020139831e+00
-2.402634645060558238e+00
-2.381310525340607498e+00
-2.369671384299231853e+00
-2.317840689250891373e+00
-2.306392747283071643e+00
-2.269437196344286534e+00
-2.224422337041874975e+00
-2.196596438246533278e+00
-2.191934100090735082e+00
-2.189556011934470359e+00
-2.184666959459713897e+00
-2.182591360734837060e+00
-2.178895953218373371e+00
-2.150569492657008031e+00
-2.139453377179637794e+00
-2.135345627387316370e+00
-2.127372284399382085e+00
-2.126411216479938915e+00
-2.102098226203942488e+00
-2.086203668553844093e+00
-2.057906161306759518e+00
-2.031322563507942824e+00
-2.027697075996736764e+00
-2.025447758917637398e+00
-2.004240896373382430e+00
-1.994921441620959746e+00
-1.979924520091267848e+00
-1.937964188857401515e+00
-1.915399405969108626e+00
-1.915390520547499253e+00
-1.879940829728591112e+00
-1.866816863164328044e+00
-1.852999811635017480e+00
-1.825318805345764517e+00
-1.806662803959989461e+00
-1.783967114977419888e+00
-1.729276987397529997e+00
-1.722509012567090769e+00
-1.719239446415265160e+00
-1.718252041411723274e+00
-1.699839010311114951e+00
-1.675008482817127664e+00
-1.649456463803448347e+00
-1.629803370258432027e+00
-1.627191527876132415e+00
-1.626290707782059863e+00
-1.622915287085060720e+00
-1.585000769436252677e+00
-1.540792508101223923e+00
-1.515308811090638530e+00
-1.500137249206832113e+00
-1.462910429958947489e+00
-1.457022306213823892e+00
-1.456598508365921418e+00
-1.454447140242015601e+00
-1.444069265361647370e+00
-1.437675297591151091e+00
-1.418597635643185306e+00
-1.410202361098058743e+00
-1.400351917292739889e+00
-1.395531534692060038e+00
-1.393522630411768493e+00
-1.383895871443777237e+00
-1.350768390957798992e+00
-1.330998402249130796e+00
-1.312346323584754115e+00
-1.303648572107968695e+00
-1.303320928601390039e+00
-1.286388865018621930e+00
-1.249803387117295994e+00
-1.244314760268020459e+00
-1.243338974736195590e+00
-1.215722668459511269e+00
-1.212710182154396854e+00
-1.199484900715834579e+00
-1.193266234864960307e+00
-1.188504327314187314e+00
-1.182113265854008555e+00
-1.147300450998886001e+00
-1.122796993361642182e+00
-1.104938435245814254e+00
-1.073473154018747433e+00
-1.069005801930594135e+00
-1.044374496848533118e+00
-1.042024451086245307e+00
-1.017480500278572508e+00
-1.009197154452584178e+00
-9.692161167836370605e-01
-9.677859556156832577e-01
-9.618173097683495598e-01
-8.565614910279379934e-01
-8.305500236785474666e-01
-8.029585315657516986e-01
-7.886989120240043283e-01
-7.713499280610998099e-01
-7.558100624800422329e-01
-7.422671137861268642e-01
-7.098109945259105658e-01
-6.917963939117867112e-01
-6.891633551344636954e-01
-6.861367184824621601e-01
-6.618955403086950184e-01
-6.524149046250187212e-01
-6.142802814514398690e-01
-5.902239050966585632e-01
-5.861590179184604787e-01
-5.092188477353269960e-01
-4.318170192766879745e-01
-4.306663337166106720e-01
-4.170717700408152484e-01
-4.008761718709899502e-01
-3.527442957728258999e-01
-3.413089786927124281e-01
-3.147715716108018258e-01
-2.731587906469265525e-01
-2.661247414843869730e-01
-2.489361259585837760e-01
-2.440349027887828703e-01
-2.149318229847760053e-01
-1.897944536917556824e-01
-1.456516529409183913e-01
-1.431794236640373252e-01
-1.360703624277665724e-01
-1.334615586594968262e-01
-1.108344407127676567e-01
-8.311919928919019041e-02
-7.690310216161939938e-02
-5.965292442064100420e-02
-5.477849074516060596e-02
-4.659118341961161758e-02
3.193926776686811103e-02
3.683519117379312202e-02
4.165928992468730802e-02
4.531922393133976101e-02
5.103788385347535900e-02
5.869304197382400889e-02
6.769098078476898372e-02
8.172400662417335371e-02
1.552721458708632429e-01
1.688875106844777707e-01
1.777379941224548621e-01
1.798192611326309698e-01
1.824935096678091673e-01
2.326178122094209877e-01
2.379616191870246866e-01
2.805452117935568479e-01
3.121596355383714494e-01
3.206744929930137045e-01
3.752249796217254074e-01
3.867551876099775687e-01
3.899380392907745851e-01
4.028804183817958351e-01
4.335360320925985556e-01
4.361394447857265821e-01
4.582176168800110583e-01
4.588332333833694543e-01
4.828236617095174044e-01
5.167347114917808515e-01
5.585029776950075631e-01
5.605042235243686832e-01
5.745833841894127936e-01
5.764712058583750798e-01
5.929841181884915047e-01
6.027391056370849931e-01
6.099248438437346875e-01
6.963858776389593164e-01
7.341039703535647831e-01
7.489676159253022547e-01
7.932425603812319759e-01
8.016241110459747521e-01
8.082781880227746241e-01
8.291659287061898809e-01
8.340694119476033119e-01
8.549735662675779224e-01
8.958321312017184512e-01
9.004159152931011656e-01
9.189531048955178472e-01
9.312182912729404238e-01
9.324572978736187512e-01
9.525923293521715296e-01
9.931893987685771474e-01
9.972388746368234802e-01
1.086756261795682965e+00
1.101664803865952891e+00
1.114343650614709746e+00
1.116054373510012132e+00
1.124650510976630935e+00
1.136440250486161485e+00
1.176768356373655511e+00
1.207225344274397649e+00
1.220016735744106517e+00
1.254549071956347683e+00
1.280410437446473537e+00
1.300446549840733379e+00
1.343785903755276401e+00
1.346186444374854130e+00
1.359532170138540552e+00
1.373159678124697747e+00
1.392943885296135775e+00
1.395829820723118786e+00
1.398023340831451522e+00
1.413444601078256202e+00
1.447492303718652673e+00
1.455545677123619042e+00
1.456265943118029593e+00
1.456954146203922829e+00
1.466954801640544481e+00
1.481760380080439310e+00
1.493492908723550450e+00
1.517835529795582561e+00
1.530272916966133323e+00
1.564517607129465748e+00
1.566418161983552437e+00
1.575924328219933557e+00
1.633468756432875368e+00
1.654713124419573411e+00
1.694252876070777791e+00
1.731160750832871464e+00
1.767779446449641911e+00
1.793149448146084568e+00
1.822207901111713380e+00
1.830564052167034550e+00
1.843342098300299270e+00
1.855746995156504209e+00
1.866638366986198561e+00
1.921994442508796475e+00
1.958988016227366735e+00
1.978833537771671480e+00
1.980514084678521858e+00
1.985172952269796287e+00
1.986903543974243069e+00
2.007625663115703674e+00
2.012104542874368018e+00
2.019102127095414367e+00
2.082616253567718179e+00
2.146118324213432516e+00
2.150977038930423468e+00
2.160540610717137433e+00
2.161468950531396871e+00
2.164364934156468578e+00
2.172983044728570512e+00
2.175073402336380912e+00
2.180646514780874679e+00
2.184699421302759514e+00
2.197072515780514657e+00
2.202337743172019469e+00
2.267538407444649184e+00
2.295208009275118588e+00
2.299198741621564235e+00
2.302316526859194745e+00
2.316986677055147936e+00
2.321173903665383786e+00
2.335698178882005038e+00
2.379078324674561706e+00
2.393382092759096746e+00
2.399911388558900516e+00
2.400711657219281481e+00
2.427482221813223706e+00
2.432546367980331414e+00
2.467507236151659011e+00
2.479976888502385624e+00
2.502459753609665771e+00
2.515972187751529976e+00
2.518887326307960084e+00
2.523211610726360465e+00
2.529938356751110007e+00
2.562448073826642858e+00
2.596177718428247516e+00
2.619220979256876802e+00
2.632409424816945176e+00
2.632635791526179325e+00
2.639343152697841255e+00
2.639343699858810233e+00
2.647746151468907350e+00
2.658027673190111795e+00
2.660615492977128849e+00
2.696829632776352348e+00
2.717156932957083715e+00
2.761319183899643370e+00
2.770653778412824675e+00
2.783751271640514169e+00
2.784077851568658613e+00
2.795369884627663559e+00
2.830400032503261887e+00
2.834363843462349486e+00
2.839580351409134895e+00
2.890701982274593629e+00
2.901284807588613734e+00
2.901616720536911664e+00
2.904454592656974032e+00
2.922135488477970444e+00
2.941931608213874672e+00
2.955298229534332410e+00
2.967581920900089099e+00
2.978295227756015073e+00
2.982062724006381949e+00
3.013454042372019970e+00
3.016751513804404983e+00
3.072532716326042301e+00
3.093091350933151240e+00
3.098704027446231635e+00
3.110184978133155642e+00
3.185846017751019499e+00
3.211346810115343064e+00
3.220879436519555217e+00
3.222443180029235243e+00
3.227005764617837613e+00
3.231171178600498184e+00
3.240983833251116053e+00
3.272678743643384625e+00
3.273015911943002898e+00
3.281696385515521008e+00
3.285361354656247457e+00
3.364373782380458699e+00
3.404508824287659330e+00
3.475449714580365779e+00
3.503082692495365968e+00
3.512776528892070260e+00
3.523002044703715363e+00
3.534046516948345484e+00
3.573470302254080355e+00
3.573972195813862829e+00
3.604555021193617925e+00
3.626342933189111495e+00
3.630443033745258674e+00
3.634991707696427543e+00
3.636649495397661358e+00
3.649081365836650104e+00
3.707206763567928220e+00
3.727375227567676585e+00
3.743403328458279500e+00
3.743522712420799703e+00
3.758877088875077987e+00
3.762147788039795770e+00
3.800862514227174138e+00
3.814962870636871006e+00
3.895752780063209908e+00
3.900330679757170849e+00
3.913062944514001718e+00
3.942770471945642896e+00
3.957740425673238249e+00
3.968279102296411676e+00
3.983126898842464403e+00
4.002873705028253681e+00
4.031128873987664285e+00
4.046572213963699483e+00
4.059297178557083718e+00
4.077737945514365414e+00
4.092089865952529770e+00
4.095748736357724518e+00
4.096337320193056186e+00
4.114238269694821426e+00
4.121407351861688717e+00
4.133952124424893348e+00
4.151787305244633686e+00
4.194933291031354372e+00
4.202141346273895017e+00
4.214963366176238679e+00
4.232782630034093607e+00
4.238493949404231742e+00
4.263132457030035738e+00
4.298367561376251089e+00
4.340014562669427534e+00
4.350654963723839863e+00
4.388088061000717133e+00
4.388307482277190807e+00
4.393428601268360545e+00
4.416803673758392002e+00
4.427998874951169839e+00
4.435499455693681981e+00
4.443763103768063161e+00
4.459561158789951740e+00
4.477610304081570014e+00
4.495071908282377571e+00
4.513878200871501711e+00
4.521896491795554418e+00
4.548185880827841920e+00
4.667516500619127484e+00
4.669969651977685210e+00
4.687774240091840738e+00
